
10000001115829716 5.0
10000001687155907 5.0
10000000804851238 5.0
10000000733079832 5.0
10000001852174059 5.0
10000000080924700 5.0
10000000986142384 5.0
10000001303023315 5.0
10000000408634983 5.0
10000000691784786 5.0
10000000323356335 5.0
10000001109991047 5.0
10000000456310089 5.0
10000000598563417 5.0
10000001248675450 5.0
10000001210582671 1.0
10000001283859937 5.0
10000000772498909 5.0
10000000256627046 5.0
10000000831650405 5.0
10000000764025276 5.0
10000002089124760 5.0
10000000675909086 5.0
10000000011024979 5.0
10000000207765857 5.0
10000000762086483 5.0
10000000665085695 5.0
10000000595444471 5.0
10000001931104866 5.0
10000000368234913 5.0
10000000054685813 5.0
10000001551926556 5.0
10000001356173413 5.0
10000000208951453 5.0
10000001219042642 5.0
10000001296530938 5.0
10000001066849745 5.0
10000001162814700 5.0
10000001150552719 5.0
10000000790155768 5.0
10000001596051884 5.0
10000000459680365 5.0
10000000082084003 5.0
10000000716285140 5.0
10000000641983356 5.0
10000001439293451 5.0
10000001262984964 1.0
10000001636010405 5.0
10000001388579664 5.0
10000001855083911 5.0
10000000589146231 5.0
10000000962701017 1.0
10000002016642141 5.0
10000000888690804 5.0
10000001242290107 5.0
10000001767430677 5.0
10000001878165066 5.0
10000002134436769 4.0
10000001242617102 5.0
10000001409270350 4.7
10000001026893653 5.0
10000000572471459 5.0
10000001137455263 5.0
10000000303994212 5.0
10000001466643008 5.0
10000000369387836 4.0
10000000307515534 5.0
10000001495095800 5.0
10000001222759136 5.0
10000002091112913 5.0
10000002057530890 5.0
10000000443741271 5.0
10000001525006489 5.0
10000000246871423 5.0
10000000382873652 5.0
10000001949621967 5.0
10000000105009994 1.0
10000001366453797 5.0
10000000954864821 5.0
10000001216259494 5.0
10000000081505639 5.0
10000000806966220 5.0
10000001547099127 5.0
10000001819891596 5.0
10000001662959797 5.0
10000000465107056 5.0
10000000706367985 5.0
10000001730616955 5.0
10000000382124030 5.0
10000000171133931 5.0
10000001977100882 5.0
10000000848606316 5.0
10000001804489666 5.0
10000000425068193 5.0
10000000213654380 5.0
10000000009750700 5.0
10000000647270364 5.0
10000001209672845 5.0
10000001630573500 5.0
10000001176259598 5.0
10000001067765309 5.0
10000001292695860 5.0
10000000188959655 5.0
10000001761085577 5.0
10000000125691662 5.0
10000000858019489 5.0
10000002030426286 5.0
10000001971050730 5.0
10000002108965570 5.0
10000001412463803 5.0
10000000193097930 5.0
10000000107261988 5.0
10000002140197383 5.0
10000000754000835 5.0
10000001492898283 5.0
10000000081991399 5.0
10000000584494337 5.0
10000001488104577 5.0
10000000004361120 5.0
10000000642406514 5.0
10000001245880560 5.0
10000000709943067 5.0
10000001499679423 5.0
10000000474356792 5.0
10000001528112653 5.0
10000000866491987 5.0
10000000717612514 5.0
10000001757112340 5.0
10000000901882154 5.0
10000001655216526 5.0
10000001512288654 5.0
10000000102310557 5.0
10000002016007385 5.0
10000002122388448 5.0
10000000172497437 5.0
10000001617819194 5.0
10000001992819337 5.0
10000001109551761 5.0
10000001151263161 5.0
10000001098579796 5.0
10000001619847638 5.0
10000001805924222 5.0
10000000097152888 5.0
10000001132065040 5.0
10000000719258196 5.0
10000000000773102 5.0
10000001569624303 5.0
10000000444826051 5.0
10000001744343221 5.0
10000000445736077 5.0
10000000413809030 5.0
10000000821074561 5.0
10000000646564720 5.0
10000001895767706 5.0
10000000584892989 5.0
10000000140504340 5.0
10000002137701141 5.0
10000000882693341 5.0
10000001971834982 5.0
10000001271828304 5.0
10000001359936620 5.0
10000001677519407 5.0
10000000167588268 5.0
10000000688839729 5.0
10000001633967172 5.0
10000000196377933 5.0
10000000531591823 5.0
10000000540529764 5.0
10000002136246693 5.0
10000001902032325 5.0
10000001088522126 5.0
10000001931324901 5.0
10000000336351874 5.0
10000000038535865 5.0
10000001803906001 5.0
10000001509003846 5.0
10000001725542067 5.0
10000002140664466 5.0
10000002078870238 5.0
10000001843425694 5.0
10000000026340817 5.0
10000000322024611 5.0
10000001309312607 5.0
10000001897516606 5.0
10000001200056669 5.0
10000000371188048 5.0
10000000716242585 5.0
10000000475653200 5.0
10000001791705856 5.0
10000002070898094 5.0
10000001177374774 5.0
10000001948438132 5.0
10000000462448785 5.0
10000000815921854 5.0
10000001324324307 4.0
10000000270869612 4.0
10000000076054430 5.0
10000001010873538 1.0
10000000607006941 5.0
10000000791260618 5.0
10000001933751143 5.0
10000000999516542 5.0
10000000409836410 5.0
10000000999508630 5.0
10000000955125594 5.0
10000000300672225 5.0
10000001541351330 5.0
10000000152541334 5.0
10000001682114708 5.0
10000000794006078 5.0
10000002002619155 5.0
10000000836523550 5.0
10000001015071634 5.0
10000001475147181 5.0
10000000999059135 4.7
10000000495880651 5.0
10000000074340593 5.0
10000001523520975 5.0
10000000633107167 5.0
10000001460673523 5.0
10000000466555896 5.0
10000001697871357 5.0
10000000442262170 5.0
10000002114793390 5.0
10000001894738874 5.0
10000000074869262 5.0
10000001589416769 5.0
10000000113017991 5.0
10000000034345572 5.0
10000000765052215 5.0
10000001275248058 5.0
10000001346355540 5.0
10000001205926374 5.0
10000001350269284 3.7
10000001970644640 5.0
10000000234685969 5.0
10000000806330811 4.0
10000000864102286 4.3
10000001875675080 5.0
10000001624705615 5.0
10000001697351590 5.0
10000001706638143 5.0
10000001928670228 5.0
10000000160597568 5.0
10000000581537644 5.0
10000001385977048 5.0
10000000719948593 5.0
10000001974352178 5.0
10000000269919636 5.0
10000001464038632 3.0
10000000220946353 3.0
10000000590058986 3.0
10000000625649565 5.0
10000001741963930 5.0
10000001894011945 3.3
10000001659697839 5.0
10000000159473432 1.3
10000001383423913 5.0
10000000180669882 5.0
10000001733146145 5.0
10000000442730866 5.0
10000000868742329 5.0
10000001948470731 5.0
10000000564825314 2.3
10000001495124318 5.0
10000002076069731 5.0
10000002091638843 5.02018-05-18 22:25:37.599425
===========================================